    unsorted:	 2602.206988 2602.171547 2602.090190 2602.306448 2601.918675 2601.688141 2601.421813 2600.599921 2600.086180 2596.995066 2642.696754 2640.247590 2639.683445 2646.083426 2645.474972 2636.577328 2634.984247 2650.560107 2652.379003 2664.297791 2661.660394 2666.056378 2669.635900 2674.890653 2677.057556 2683.442420 2683.726538 2594.027427 2692.550228 2699.361637 2702.607793 2711.772924 2718.218427 2732.798010 2731.151999 2761.010311 2758.746540 2782.554794 2528.135215 2808.408762 2852.486823 2866.204028 2907.694695 2970.907022 3119.259380 3168.100745 3340.388621 3433.122323 3654.602317 1068.069417 4357.929817 4769.230671 180.5905158 5638.718192 6408.118327 26144.12744
      sorted:	 180.5905158 1068.069417 2528.135215 2594.027427 2596.995066 2600.086180 2600.599921 2601.421813 2601.688141 2601.918675 2602.090190 2602.171547 2602.206988 2602.306448 2634.984247 2636.577328 2639.683445 2640.247590 2642.696754 2645.474972 2646.083426 2650.560107 2652.379003 2661.660394 2664.297791 2666.056378 2669.635900 2674.890653 2677.057556 2683.442420 2683.726538 2692.550228 2699.361637 2702.607793 2711.772924 2718.218427 2731.151999 2732.798010 2758.746540 2761.010311 2782.554794 2808.408762 2852.486823 2866.204028 2907.694695 2970.907022 3119.259380 3168.100745 3340.388621 3433.122323 3654.602317 4357.929817 4769.230671 5638.718192 6408.118327 26144.12744
