    unsorted:	 3320.997517 3320.980775 3321.069598 3321.106148 3320.947407 3321.183160 3321.236658 3321.342054 3321.441084 3321.555958 3321.827350 3322.082226 3322.474065 3322.761380 3323.716314 3324.855480 3326.921091 3360.488817 3329.296384 3361.209131 3362.810969 3364.084003 3365.072308 3365.493304 3366.397573 3358.791426 3367.955526 3357.464064 3356.766845 3369.296963 3371.369657 3373.262977 3375.971804 3377.923438 3378.754318 3351.522028 3380.787977 3337.635436 3384.571740 3388.228855 3392.383868 3397.532195 3398.506688 3403.934781 3403.583573 3410.602353 3411.555713 3418.077390 3418.907228 3426.431605 3429.829041 3434.467437 3437.107637 3441.416647 3448.636163 3456.484575 3457.455957 3468.192582 3474.270941 3482.314399 3494.566293 3508.311302 3518.745780 3535.657735 3556.081855 3572.053547 3601.497246 3628.883097 3661.109329 3699.788455 3731.291539 3812.820246 3874.806762 3949.412248 4047.609496 4227.466400 4381.394519 2294.813202 4691.340228 5079.213110 5388.525290 298.0327311 167.4320205 6851.823880 8208.403195 10552.84674 13947.37446 28920614.77
      sorted:	 167.4320205 298.0327311 2294.813202 3320.947407 3320.980775 3320.997517 3321.069598 3321.106148 3321.183160 3321.236658 3321.342054 3321.441084 3321.555958 3321.827350 3322.082226 3322.474065 3322.761380 3323.716314 3324.855480 3326.921091 3329.296384 3337.635436 3351.522028 3356.766845 3357.464064 3358.791426 3360.488817 3361.209131 3362.810969 3364.084003 3365.072308 3365.493304 3366.397573 3367.955526 3369.296963 3371.369657 3373.262977 3375.971804 3377.923438 3378.754318 3380.787977 3384.571740 3388.228855 3392.383868 3397.532195 3398.506688 3403.583573 3403.934781 3410.602353 3411.555713 3418.077390 3418.907228 3426.431605 3429.829041 3434.467437 3437.107637 3441.416647 3448.636163 3456.484575 3457.455957 3468.192582 3474.270941 3482.314399 3494.566293 3508.311302 3518.745780 3535.657735 3556.081855 3572.053547 3601.497246 3628.883097 3661.109329 3699.788455 3731.291539 3812.820246 3874.806762 3949.412248 4047.609496 4227.466400 4381.394519 4691.340228 5079.213110 5388.525290 6851.823880 8208.403195 10552.84674 13947.37446 28920614.77
