<<<<<<< HEAD
## simulation for Herring SOG ## written: Mon Mar 26 13:09:16 2018 
=======
## simulation for Herring SOG ## written: Mon Mar 26 12:57:36 2018 
>>>>>>> ebc93314a8670f39933a68736c018d525cda50f9
## ____Model Dimensions____ 
## first year of data 
1951 
## last year of data 
2039 
## age of youngest age class 
2 
## age of plus group 
10 
## number of gears (ngear) 
5 
## flags for fishery (1) or survey (0) in ngears 
0.5 0.3 0.2 0 0 
## NEW: Catch type 
## 1 = biomass 
## 2 = catch in numbers 
## 3 = roe removed (expressed as tons of spawning biomass equivalents) 
1 1 1 1 1 
## ________________________ 
## ________________________ 
## natural mortality rate (m) 
0.581278 
## growth parameters (linf,k,to) 
27 0.48 0.0003551596 
## length-weight allometry (a,b) 
0.0001842082 1.999008 
## maturity at age (am=log(3)/k) & gm=std for logistic 
2.354474 3.147261 
## init_vector mat(sage,nage)     input maturity vector (**not used) 
0.2113964 0.916637 0.9977878 0.999946 0.9999987 1 1 1 1 
## ________________________ 
## ________________________ 
## Time series data observed catch 
## Year P1 P2 P3 S1 S2 
1951 22.475656617 0 0 0 0
1952 28.8283091575 0 0 0 0
1953 0.0215207139 0 0 0 0
1954 35.9548013718 0 0 0 0
1955 6.3548786406 0 0 0 0
1956 17.9645641839 0 0 0 0
1957 2.6717858321 0 0 0 0
1958 0.5833574609 0 0 0 0
1959 72.1948918929 0 0 0 0
1960 50.2530681994 0 0 0 0
1961 27.3041268284 0 0 0 0
1962 21.8758313469 0 0 0 0
1963 18.7099714846 0 0 0 0
1964 20.4883694112 0 0 0 0
1965 15.2272091274 0 0 0 0
1966 11.68962179 0 0 0 0
1967 16.0823292863 0 0 0 0
1968 0 0 0 0 0
1969 0 0 0 0 0
1970 0 0 0 0 0
1971 0 0 0 0 0
1972 0 10.5897214406 0 0 0
1973 0 24.4009132717 1.4089434072 0 0
1974 0 17.7186197703 3.4815775665 0 0
1975 0.000877588 20.1040256101 6.4983607101 0 0
1976 0 22.9709511273 12.0812127391 0 0
1977 0.025291846 19.7610977662 10.6711883542 0 0
1978 2.4128176978 5.6141090097 12.2280820807 0 0
1979 0.0757323151 13.0912544204 6.1383867309 0 0
1980 0 2.2061036796 1.8794233465 0 0
1981 0.0018425676 5.9831516928 2.3864191385 0 0
1982 0.0018878091 2.898075487 2.5521196316 0 0
1983 0 8.8331940484 2.0988416222 0 0
1984 0 12.0126530929 0.727051309 0 0
1985 0.0010073355 0.3528203159 0 0 0
1986 0.0009723755 0.2815004247 0 0 0
1987 0 24.4387778131 1.8943795903 0 0
1988 0 10.9317222521 1.2638157263 0 0
1989 0 10.3567732934 2.6237731065 0 0
1990 0 8.4208806379 1.6590493049 0 0
1991 0 8.9727032579 1.8805532383 0 0
1992 0 4.3515364163 0.4998119001 0 0
1993 0 7.0373207106 0 0 0
1994 0.0009119059 6.0080947337 0.5776870957 0 0
1995 0.0037194049 2.3371245794 0 0 0
1996 0.0011227283 1.7974999122 0 0 0
1997 0 10.6589679056 0 0 0
1998 0 6.4954029555 1.1085283249 0 0
1999 0 4.170780683 0.8739390873 0 0
2000 0 1.3997784249 0.6156274783 0 0
2001 0 0 0 0 0
2002 0 0.8239849664 0.3075644183 0 0
2003 0 3.9612385368 0.7536083748 0 0
2004 0 6.3251880615 0.5031651187 0 0
2005 0 5.7704462109 0.7932641006 0 0
2006 0 0 0 0 0
2007 0 0 0 0 0
2008 0 0 0 0 0
2009 0 0 0 0 0
2010 0 0 0 0 0
2011 0 0 0 0 0
2012 0 0 0 0 0
2013 0 0 0 0 0
2014 0 0 0 0 0
2015 0 0 0 0 0
<<<<<<< HEAD
2016 0.2747402895 0.2309644648 0.0557337139 0 0
2017 1.3391944858 1.0799082321 0.5074849666 0 0
2018 1.2033947642 0 0 0 0
2019 1.2231910103 0 0 0 0
2020 1.2995452567 0 0 0 0
2021 1.565804667 1.5699876728 0.1914351373 0 0
2022 1.1221547977 0.9961330503 0.2745295508 0 0
2023 1.6258502902 1.3890052115 0.6020021004 0 0
2024 1.3863306128 0.9999576915 0.5495018528 0 0
2025 1.7253047345 1.2788133802 0.6779576757 0 0
2026 1.6732067607 1.1964017306 0.6624306576 0 0
2027 0.6807553585 0.6060460877 0.1298759352 0 0
2028 1.93682153 1.3658932584 0.7679051696 0 0
2029 1.13153902 0.93159728 0.4243694012 0 0
2030 2.0489478157 1.3742827456 0.8167044027 0 0
2031 1.3281707877 0.9613459027 0.5221084501 0 0
2032 1.3606297288 0 0 0 0
2033 1.3432534962 0 0 0 0
2034 1.3979724017 0 0 0 0
2035 1.3402498089 1.2712528631 0.4077027344 0 0
2036 1.7955329893 1.4605070802 0.1637175748 0 0
2037 1.9009317033 2.0027789433 0.4037673754 0 0
2038 1.9056262145 0 0 0 0
2039 1.8024667393 1.347591206 0.7094288622 0 0
=======
2016 0.3596344016 0.3131111724 0.0748544367 0 0
2017 1.1232236 0.9743233054 0.4017413707 0 0
2018 1.1630704794 0.9939723506 0.4275083231 0 0
2019 1.6691055359 1.4991335611 0.5927401382 0 0
2020 1.4820600762 1.2029137874 0.5638296632 0 0
2021 1.9480138468 1.78497536 0.67700446 0 0
2022 2.0067505535 1.8103052722 0.6861988143 0 0
2023 1.8009658702 1.6476460516 0.611733303 0 0
2024 1.6381629047 1.3788290099 0.6087570593 0 0
2025 2.0775741496 1.692027526 0.7885812735 0 0
2026 1.9286001635 1.8959341485 0.5986632953 0 0
2027 2.3597150528 1.8076794604 0.9092286547 0 0
2028 1.4805153944 1.2746418542 0.5428943815 0 0
2029 1.9206638974 1.4950058675 0.7436488806 0 0
2030 2.2289923777 1.7612927051 0.8582236389 0 0
2031 2.8223746417 2.3036738601 1.0682712187 0 0
2032 2.8607844127 2.25124724 1.101669094 0 0
2033 3.5608689701 2.8517382941 1.3589179873 0 0
2034 2.1997026216 2.1003211935 0.6260317756 0 0
2035 2.3000552197 2.1894315137 0.7404929377 0 0
2036 2.6642260266 2.2996244991 0.9726173446 0 0
2037 2.3540539428 2.1669168108 0.8176491571 0 0
2038 2.2960231893 1.7672052063 0.8879130662 0 0
2039 1.7722874132 1.4562489376 0.6793277018 0 0
>>>>>>> ebc93314a8670f39933a68736c018d525cda50f9
## ________________________ 
## ________________________ 
## Relative Abundance index from fisheries independent survey (it) 
## nit 
2 
## nit_nobs 
37 52 
## 1 = survey is proportional to vulnerable numbers 
## 2 = survey is proportional to vulnerable biomass 
## 3 = survey is proportional to spawning biomass (e.g., herring spawn survey) 
3 3 
## iyr  it  gear  wt  survey_timing 
1951 19.596 4 1 1
1952 13.31 4 1 1
1953 39.571 4 1 1
1954 20.648 4 1 1
1955 15.112 4 1 1
1956 27.183 4 1 1
1957 44.114 4 1 1
1958 18.986 4 1 1
1959 12.979 4 1 1
1960 6.015 4 1 1
1961 10.555 4 1 1
1962 34.47 4 1 1
1963 11.245 4 1 1
1964 22.761 4 1 1
1965 11.891 4 1 1
1966 3.722 4 1 1
1967 4.813 4 1 1
1968 11.029 4 1 1
1969 10.465 4 1 1
1970 26.912 4 1 1
1971 36.206 4 1 1
1972 41.857 4 1 1
1973 19.481 4 1 1
1974 25.54 4 1 1
1975 49.149 4 1 1
1976 64.2 4 1 1
1977 58.679 4 1 1
1978 45.607 4 1 1
1979 66.397 4 1 1
1980 62.308 4 1 1
1981 52.014 4 1 1
1982 31.926 4 1 1
1983 16.771 4 1 1
1984 23.872 4 1 1
1985 30.01 4 1 1
1986 39.514 4 1 1
1987 16.858 4 1 1
1988 46.242 5 1.167 1
1989 47.718 5 1.167 1
1990 46.464 5 1.167 1
1991 29.996 5 1.167 1
1992 42.366 5 1.167 1
1993 34.408 5 1.167 1
1994 25.249 5 1.167 1
1995 27.128 5 1.167 1
1996 33.121 5 1.167 1
1997 45.362 5 1.167 1
1998 41.011 5 1.167 1
1999 19.734 5 1.167 1
2000 12.799 5 1.167 1
2001 13.414 5 1.167 1
2002 21.242 5 1.167 1
2003 31.375 5 1.167 1
2004 16.432 5 1.167 1
2005 9.663 5 1.167 1
2006 2.875 5 1.167 1
2007 2.246 5 1.167 1
2008 2.739 5 1.167 1
2009 10.607 5 1.167 1
2010 2.464 5 1.167 1
2011 9.644 5 1.167 1
2012 5.407 5 1.167 1
2013 12.342 5 1.167 1
2014 13.901 5 1.167 1
2015 11.323 5 1.167 1
<<<<<<< HEAD
2016 13.951 5 1.167 1
2017 9.2091 5 1.167 1
2018 8.4722 5 1.167 1
2019 10.9906 5 1.167 1
2020 17.0096 5 1.167 1
2021 17.2169 5 1.167 1
2022 20.2541 5 1.167 1
2023 17.9855 5 1.167 1
2024 11.4173 5 1.167 1
2025 18.4389 5 1.167 1
2026 10.2089 5 1.167 1
2027 33.4377 5 1.167 1
2028 10.6123 5 1.167 1
2029 24.5648 5 1.167 1
2030 15.1545 5 1.167 1
2031 8.7489 5 1.167 1
2032 10.8381 5 1.167 1
2033 8.1822 5 1.167 1
2034 15.0575 5 1.167 1
2035 11.2037 5 1.167 1
2036 18.7914 5 1.167 1
2037 10.3091 5 1.167 1
2038 17.3715 5 1.167 1
2039 17.209 5 1.167 1
=======
2016 11.7602 5 1.167 1
2017 18.5208 5 1.167 1
2018 17.2827 5 1.167 1
2019 18.1694 5 1.167 1
2020 15.4051 5 1.167 1
2021 29.2982 5 1.167 1
2022 20.7009 5 1.167 1
2023 19.6935 5 1.167 1
2024 18.7826 5 1.167 1
2025 14.6277 5 1.167 1
2026 36.6639 5 1.167 1
2027 11.6728 5 1.167 1
2028 20.6297 5 1.167 1
2029 18.1653 5 1.167 1
2030 27.7746 5 1.167 1
2031 32.7316 5 1.167 1
2032 24.1693 5 1.167 1
2033 15.5767 5 1.167 1
2034 29.5831 5 1.167 1
2035 45.071 5 1.167 1
2036 18.3838 5 1.167 1
2037 29.3742 5 1.167 1
2038 12.9718 5 1.167 1
2039 27.279 5 1.167 1
>>>>>>> ebc93314a8670f39933a68736c018d525cda50f9
## ________________________ 
## ________________________ 
## Age composition data by year, gear (ages 2-15+) 
## na_gears 
3 
## na_nobs 
52 57 50 
##  a_sage 
2 2 2 
## a_page 
10 10 10 
#yr gear      V2   V3   V4   V5  V6  V7  V8 V9 V10  #Number aged
<<<<<<< HEAD
1951 1 0.0513 0.1977 0.5975 0.0365 0.0668 0.0156 0.0185 0.0057 0.0103
1952 1 0.0854 0.2867 0.2343 0.3004 0.025 0.0187 0.0133 0.0152 0.0208
1953 1 0.2613 0.2406 0.1091 0.0616 0.3051 0.0065 0.0059 0.0062 0.0037
1954 1 0.0745 0.5291 0.2112 0.0932 0.0272 0.0445 0.0054 0.0031 0.0119
1955 1 0.2398 0.3856 0.2434 0.0394 0.0473 0.0242 0.0176 7e-04 0.002
1956 1 0.1511 0.4172 0.3107 0.0792 0.0313 0.0049 0.0038 0.001 7e-04
1957 1 0.078 0.5713 0.1943 0.0741 0.0627 0.0124 0.0021 9e-04 0.0041
1958 1 0.1353 0.3909 0.2209 0.1555 0.0603 0.0259 0.0043 0.0056 0.0013
1959 1 0.1655 0.3487 0.2265 0.159 0.0339 0.0272 0.0332 0.0035 0.0024
1960 1 0.1953 0.3989 0.2335 0.0948 0.046 0.0223 0.0072 0.0013 6e-04
1961 1 0.3858 0.5239 0.0537 0.0185 0.0115 0.0035 0.0023 3e-04 6e-04
1962 1 0.1924 0.6782 0.08 0.0239 0.0163 0.0049 0.0029 9e-04 5e-04
1963 1 0.0993 0.6386 0.2179 0.0374 0.0049 7e-04 7e-04 2e-04 2e-04
1964 1 0.0828 0.5393 0.1582 0.2008 0.014 0.0031 0.0015 2e-04 2e-04
1965 1 0.05 0.4308 0.3578 0.0825 0.0729 0.0036 0.0016 3e-04 4e-04
1966 1 0.1493 0.2575 0.275 0.248 0.0282 0.0389 0.0027 3e-04 1e-04
1967 1 0.2042 0.6587 0.0577 0.0312 0.0369 0.0042 0.0063 7e-04 2e-04
1975 1 0.0457 0.4694 0.2166 0.0777 0.094 0.0604 0.0326 0.0014 0.0021
1977 1 0.0946 0.1329 0.2705 0.306 0.1138 0.0277 0.0289 0.0195 0.0061
1978 1 0.0325 0.1872 0.2152 0.2348 0.2109 0.0618 0.0372 0.0101 0.0104
1979 1 0.1386 0.1283 0.3318 0.1836 0.0664 0.1086 0.0253 0.0109 0.0065
1981 1 0.0333 0.1681 0.4196 0.0991 0.1518 0.0507 0.0232 0.0438 0.0105
1982 1 0.0374 0.1863 0.2805 0.3231 0.0296 0.1119 0.0094 0.0118 0.0102
1985 1 0.0858 0.7192 0.0857 0.0325 0.0367 0.0157 0.0101 0.003 0.0112
1986 1 0.0608 0.5187 0.2549 0.0888 0.0145 0.0259 0.0151 0.0103 0.0109
1994 1 0.0443 0.2061 0.3555 0.2316 0.0633 0.0274 0.0334 0.0189 0.0195
1995 1 0.0727 0.2137 0.2451 0.249 0.1163 0.02 0.0422 0.013 0.028
1996 1 0.2754 0.2902 0.0501 0.1023 0.1172 0.0975 0.0172 0.0086 0.0415
2016 1 0.1345 0.4281 0.0788 0.2924 0.033 0.0108 0.0144 0.0037 0.0044
2017 1 0.0556 0.4758 0.2996 0.0412 0.0804 0.0193 0.0093 0.0127 0.0061
2018 1 0.2387 0.1085 0.3531 0.2373 0.036 0.0196 0.0024 0.001 0.0034
2019 1 0.0404 0.7798 0.0416 0.0998 0.019 0.0096 0.0071 0.0011 0.0016
2020 1 0.297 0.2994 0.3303 0.0128 0.0263 0.0252 0.0057 0.0018 0.0014
2021 1 0.0146 0.8535 0.0621 0.0574 0.0051 0.0041 0.0021 7e-04 5e-04
2022 1 0.0726 0.098 0.6498 0.1008 0.0498 0.0051 0.0125 0.0091 0.0023
2023 1 0.0194 0.4011 0.1428 0.3422 0.0447 0.0399 0.0028 0.0037 0.0035
2024 1 0.2766 0.0847 0.4207 0.0326 0.1452 0.0266 0.0098 0.0013 0.0024
2025 1 0.0901 0.4782 0.0602 0.2666 0.0144 0.0564 0.0189 0.0144 6e-04
2026 1 0.098 0.4385 0.338 0.0204 0.0823 0.0039 0.0129 0.0031 0.003
2027 1 0.1851 0.4219 0.217 0.1216 0.0135 0.0298 0.002 0.0061 0.003
2028 1 0.1054 0.3642 0.2562 0.1201 0.1034 0.0277 0.0107 0.0014 0.0109
2029 1 0.2155 0.1714 0.4119 0.124 0.0235 0.037 0.0057 0.0075 0.0034
2030 1 0.0229 0.3208 0.4059 0.1264 0.0951 0.0192 0.0074 5e-04 0.0019
2031 1 0.0917 0.1414 0.475 0.18 0.058 0.0416 0.0052 0.0059 0.0013
2032 1 0.0705 0.4627 0.1895 0.1845 0.0457 0.0198 0.0211 0.0031 0.0031
2033 1 0.1238 0.4509 0.1806 0.1084 0.0809 0.0238 0.016 0.0138 0.0019
2034 1 0.1779 0.3889 0.1891 0.1445 0.04 0.033 0.0148 0.005 0.0069
2035 1 0.1631 0.4068 0.2426 0.1128 0.029 0.0235 0.0119 0.0058 0.0045
2036 1 0.0351 0.6164 0.2229 0.044 0.0491 0.0136 0.0084 0.0083 0.0023
2037 1 0.0412 0.1561 0.5363 0.1514 0.0662 0.0319 0.0097 0.0029 0.0042
2038 1 0.208 0.1533 0.3366 0.129 0.1076 0.0358 0.0098 0.0142 0.0056
2039 1 0.0454 0.458 0.0958 0.03 0.2288 0.1102 0.0213 0.0065 0.004
1972 2 0.1625 0.1908 0.5464 0.0607 0.0168 0.0205 0.0021 1e-04 2e-04
1973 2 0.2206 0.2821 0.2053 0.1952 0.0713 0.0108 0.0121 0.0022 4e-04
1974 2 0.2816 0.3034 0.1561 0.0972 0.0884 0.0592 0.0058 0.0073 0.001
1975 2 0.1086 0.4651 0.1394 0.1542 0.0813 0.0334 0.0115 0.0033 0.0031
1976 2 0.1036 0.1443 0.3828 0.1903 0.1024 0.0502 0.0152 0.0091 0.0022
1977 2 0.3576 0.1184 0.178 0.1818 0.0733 0.0378 0.0249 0.0206 0.0076
1978 2 0.1416 0.2221 0.1693 0.1145 0.2725 0.0417 0.0212 0.0081 0.009
1979 2 0.2451 0.1202 0.3147 0.1398 0.0651 0.0827 0.0221 0.0061 0.0041
1980 2 0.2202 0.2812 0.0453 0.305 0.0559 0.0421 0.0354 0.0074 0.0073
1981 2 0.1988 0.2379 0.2155 0.1172 0.1485 0.0301 0.0238 0.0185 0.0096
1982 2 0.1138 0.2863 0.1894 0.2262 0.0488 0.0953 0.019 0.01 0.0112
1983 2 0.5423 0.097 0.1077 0.0776 0.0774 0.0383 0.043 0.0089 0.0078
1984 2 0.4416 0.1799 0.1854 0.0591 0.0457 0.0527 0.0174 0.0082 0.01
1985 2 0.3216 0.4448 0.1308 0.0354 0.026 0.0181 0.0138 0.0033 0.0061
1986 2 0.128 0.5932 0.1769 0.0495 0.0122 0.0132 0.0131 0.0103 0.0035
1987 2 0.5562 0.1169 0.2109 0.0804 0.0204 0.0062 0.0028 0.0032 0.003
1988 2 0.0926 0.5885 0.1016 0.0961 0.0858 0.0196 0.0061 0.0039 0.0058
1989 2 0.1503 0.1543 0.517 0.0558 0.0726 0.0409 0.0051 0.0017 0.0022
1990 2 0.1589 0.1432 0.0743 0.4868 0.0434 0.0519 0.0307 0.008 0.0029
1991 2 0.3805 0.1308 0.1421 0.0674 0.2167 0.0185 0.021 0.019 0.004
1992 2 0.2619 0.3805 0.0892 0.1091 0.041 0.0879 0.0103 0.0142 0.0059
1993 2 0.1993 0.1865 0.398 0.0736 0.044 0.0205 0.0651 0.0042 0.0089
1994 2 0.1447 0.2545 0.2054 0.2085 0.0703 0.0461 0.0254 0.0367 0.0085
1995 2 0.2466 0.1013 0.1443 0.2307 0.1832 0.0393 0.0205 0.0122 0.0219
1996 2 0.5693 0.096 0.0517 0.1092 0.0455 0.0946 0.0153 0.0069 0.0116
1997 2 0.2556 0.5224 0.0702 0.0399 0.0333 0.0452 0.0219 0.0038 0.0075
1998 2 0.1458 0.2566 0.4055 0.0656 0.0208 0.0492 0.0222 0.0258 0.0086
1999 2 0.1962 0.1785 0.1954 0.2893 0.0606 0.0147 0.0308 0.0224 0.0122
2000 2 0.27 0.3307 0.1232 0.0959 0.1048 0.0411 0.0082 0.008 0.0181
2002 2 0.4446 0.2475 0.1396 0.0662 0.0337 0.0249 0.0335 0.0049 0.005
2003 2 0.1958 0.4545 0.2076 0.0363 0.0421 0.0206 0.0122 0.0275 0.0035
2004 2 0.3121 0.1922 0.3381 0.1033 0.0204 0.0125 0.0073 0.0071 0.007
2005 2 0.3431 0.289 0.1448 0.1401 0.0387 0.0313 0.0074 0.0015 0.004
2016 2 0.4312 0.3702 0.0758 0.0863 0.0174 0.0056 0.0099 0.0018 0.0018
2017 2 0.1549 0.3828 0.3358 0.0576 0.0495 0.0106 0.0032 0.0041 0.0014
2018 2 0.3311 0.3577 0.1664 0.1032 0.0204 0.0122 0.0027 0.0015 0.0049
2019 2 0.3236 0.2024 0.3738 0.0596 0.0259 0.0039 0.0091 9e-04 7e-04
2020 2 0.1977 0.2932 0.2307 0.2276 0.0236 0.0227 0.0017 0.0019 9e-04
2021 2 0.12 0.5039 0.1233 0.2077 0.0204 0.0115 0.0109 0.001 0.0015
2022 2 0.4608 0.0745 0.3025 0.0664 0.0768 0.0042 0.0096 0.0043 9e-04
2023 2 0.0753 0.4546 0.0545 0.2839 0.072 0.0532 0.002 0.0028 0.0017
2024 2 0.6406 0.1131 0.1599 0.0209 0.0442 0.0107 0.0083 9e-04 0.0015
2025 2 0.2915 0.4864 0.044 0.0921 0.0174 0.0531 0.0062 0.007 0.0023
2026 2 0.4287 0.2419 0.2451 0.0261 0.0312 0.0027 0.0191 0.0026 0.0026
2027 2 0.2866 0.3679 0.1147 0.205 0.0049 0.0142 0.0013 0.0035 0.0017
2028 2 0.3379 0.332 0.1878 0.0659 0.0636 0.0036 0.0051 0.0014 0.0027
2029 2 0.4224 0.2919 0.1345 0.0843 0.0268 0.0348 0.0021 0.0021 0.0012
2030 2 0.2276 0.3686 0.2389 0.07 0.0646 0.0136 0.0127 0.0013 0.0027
2031 2 0.2434 0.5061 0.1039 0.0657 0.0422 0.0233 0.0038 0.0108 7e-04
2032 2 0.3793 0.2796 0.2072 0.0706 0.0451 0.0092 0.0044 0.0029 0.0017
2033 2 0.1916 0.4087 0.1416 0.1216 0.0975 0.0296 0.0032 0.0024 0.004
2034 2 0.4509 0.1013 0.3141 0.0726 0.0322 0.0182 0.0085 0.0012 0.0011
2035 2 0.2784 0.4698 0.1777 0.0426 0.0173 0.0042 0.0059 0.0024 0.0016
2036 2 0.144 0.3566 0.2598 0.1981 0.0221 0.0108 0.002 0.0037 0.003
2037 2 0.1244 0.0978 0.4523 0.2138 0.0731 0.0205 0.0107 0.0024 0.005
2038 2 0.4223 0.362 0.0435 0.1002 0.0452 0.0086 0.0155 0.0013 0.0013
2039 2 0.1819 0.3423 0.1269 0.1079 0.1827 0.0372 0.0137 0.0044 0.0029
1973 3 0 5e-04 0.0979 0.5906 0.2387 0.0409 0.0181 0.0129 4e-04
1974 3 0 8e-04 0.0464 0.1491 0.6378 0.1025 0.0371 0.0212 0.0051
1975 3 0 4e-04 0.0759 0.3028 0.1901 0.3184 0.0467 0.0477 0.018
1976 3 0 3e-04 0.0963 0.5413 0.2169 0.0319 0.0771 0.0334 0.0027
1977 3 0 5e-04 0.1012 0.4277 0.2682 0.1024 0.0466 0.0424 0.0111
1978 3 0 3e-04 0.021 0.3255 0.341 0.2322 0.027 0.0275 0.0255
1979 3 0 1e-04 0.0766 0.4091 0.2471 0.1763 0.0485 0.0113 0.031
1980 3 0 5e-04 0.0332 0.4327 0.1426 0.2198 0.1169 0.0242 0.0301
1981 3 0 5e-04 0.1575 0.1665 0.2501 0.1725 0.112 0.11 0.031
1982 3 0 4e-04 0.036 0.3321 0.1506 0.3433 0.0679 0.0312 0.0386
1983 3 0 1e-04 0.0254 0.3639 0.3842 0.0929 0.0873 0.0256 0.0207
1984 3 0 4e-04 0.0234 0.2831 0.1293 0.3557 0.0735 0.0945 0.0402
1987 3 0 3e-04 0.0894 0.6501 0.1528 0.0603 0.0287 0.0128 0.0056
1988 3 0 9e-04 0.0115 0.5576 0.2871 0.0638 0.0173 0.0091 0.0527
1989 3 0 2e-04 0.118 0.1179 0.4955 0.2242 0.0233 0.0125 0.0084
1990 3 0 2e-04 0.0223 0.7614 0.0604 0.1078 0.0369 0.0046 0.0064
1991 3 0 1e-04 0.0111 0.0837 0.6301 0.0867 0.1472 0.0343 0.0067
1992 3 0 2e-04 0.0387 0.2927 0.2903 0.2114 0.0642 0.0688 0.0336
1994 3 0 3e-04 0.1228 0.3058 0.0674 0.3276 0.0955 0.0526 0.0281
1998 3 0 4e-04 0.1422 0.2985 0.1283 0.1065 0.1131 0.1753 0.0356
1999 3 0 1e-04 0.0349 0.6881 0.0532 0.0361 0.0841 0.0279 0.0756
2000 3 0 2e-04 0.035 0.1594 0.713 0.0463 0.0244 0.0142 0.0076
2002 3 0 0.001 0.0326 0.5672 0.0745 0.146 0.0683 0.0256 0.0848
2003 3 0 0.0015 0.0978 0.2184 0.1311 0.1624 0.1859 0.0756 0.1272
2004 3 0 5e-04 0.1782 0.4085 0.2681 0.0227 0.0373 0.0583 0.0265
2005 3 0 8e-04 0.0517 0.3741 0.4505 0.0572 0.0358 0.0074 0.0225
2016 3 0 4e-04 0.0223 0.4919 0.2688 0.0577 0.1379 0.0139 0.007
2017 3 0 4e-04 0.0516 0.1068 0.664 0.098 0.0432 0.0315 0.0044
2018 3 0 0.0018 0.0778 0.4868 0.2992 0.0909 0.0131 0.0061 0.0244
2019 3 0 8e-04 0.1234 0.2466 0.5148 0.0426 0.0574 0.0082 0.0062
2020 3 0 0.0013 0.0553 0.6157 0.201 0.0869 0.0215 0.011 0.0073
2021 3 0 0.0014 0.0623 0.6514 0.0668 0.1339 0.0562 0.0126 0.0155
2022 3 0 4e-04 0.1095 0.2401 0.5768 0.0224 0.0237 0.0188 0.0084
2023 3 0 6e-04 0.0141 0.5924 0.1522 0.1982 0.0125 0.015 0.015
2024 3 0 1e-04 0.1451 0.1042 0.3578 0.1439 0.231 0.0025 0.0153
2025 3 0 7e-04 0.0134 0.3691 0.0519 0.5006 0.0212 0.0375 0.0057
2026 3 0 6e-04 0.1907 0.11 0.485 0.0481 0.1274 0.0162 0.022
2027 3 0 0.0013 0.0401 0.8019 0.0328 0.0825 0.0081 0.0224 0.0108
2028 3 0 5e-04 0.0688 0.1602 0.6792 0.0426 0.0322 0.0053 0.0113
2029 3 0 5e-04 0.1025 0.2868 0.2544 0.316 0.0078 0.0255 0.0065
2030 3 0 3e-04 0.0586 0.2706 0.39 0.1308 0.1371 0.0036 0.009
2031 3 0 3e-04 0.2195 0.1949 0.4382 0.0633 0.0335 0.0446 0.0057
2032 3 0 6e-04 0.0459 0.6548 0.198 0.0255 0.0433 0.0094 0.0224
2033 3 0 5e-04 0.0948 0.2155 0.4345 0.1827 0.0528 0.0093 0.0099
2034 3 0 4e-04 0.1861 0.364 0.1539 0.2462 0.0199 0.0159 0.0139
2035 3 0 5e-04 0.0867 0.2883 0.3933 0.0826 0.0772 0.0417 0.0297
2036 3 0 7e-04 0.2233 0.2185 0.3032 0.1259 0.0257 0.0687 0.034
2037 3 0 3e-04 0.0911 0.3815 0.3843 0.0512 0.0342 0.0155 0.042
2038 3 0 4e-04 0.0091 0.6664 0.1733 0.0536 0.0703 0.0192 0.0078
2039 3 0 2e-04 0.0605 0.391 0.2637 0.1169 0.1172 0.0211 0.0293
=======
1951 1 0.0427 0.1758 0.6671 0.0342 0.0155 0.0226 0.0187 0.0139 0.0095
1952 1 0.1276 0.2575 0.4142 0.1488 0.0191 0.0137 0.0052 0.0048 0.0091
1953 1 0.1517 0.5418 0.196 0.048 0.0451 0.0043 0.0075 0.0019 0.0037
1954 1 0.0916 0.6146 0.1283 0.1049 0.0213 0.035 0.001 0.0024 9e-04
1955 1 0.131 0.3095 0.4444 0.0659 0.024 0.0047 0.0185 8e-04 0.0012
1956 1 0.1859 0.4511 0.2411 0.0666 0.023 0.0232 0.0048 0.0033 0.001
1957 1 0.2117 0.4437 0.2137 0.08 0.0337 0.0105 0.003 7e-04 0.0029
1958 1 0.1854 0.2617 0.3813 0.0881 0.0593 0.0191 0.0028 0.0015 8e-04
1959 1 0.1115 0.5331 0.1978 0.0925 0.0276 0.0221 0.0109 0.0041 4e-04
1960 1 0.0679 0.7727 0.0854 0.0137 0.0347 0.0208 0.003 0.0014 3e-04
1961 1 0.3103 0.3675 0.2058 0.0731 0.0267 0.0094 0.0048 0.0015 0.001
1962 1 0.1528 0.5756 0.238 0.0193 0.0099 0.002 0.0015 7e-04 2e-04
1963 1 0.2929 0.3945 0.2777 0.0248 0.0045 0.0038 9e-04 8e-04 2e-04
1964 1 0.1411 0.4524 0.2669 0.1241 0.0111 0.0028 8e-04 4e-04 3e-04
1965 1 0.0467 0.1128 0.4745 0.0701 0.2878 0.0064 0.0011 4e-04 2e-04
1966 1 0.1904 0.3461 0.1807 0.1765 0.0701 0.0305 0.005 6e-04 2e-04
1967 1 0.1817 0.6854 0.0723 0.0216 0.033 0.0036 0.0019 4e-04 0
1975 1 0.042 0.3437 0.2206 0.1263 0.1626 0.0592 0.0405 0.0026 0.0025
1977 1 0.0827 0.1587 0.2128 0.3535 0.1327 0.0313 0.0108 0.0131 0.0045
1978 1 0.0359 0.3416 0.1319 0.1169 0.284 0.0457 0.0243 0.0092 0.0105
1979 1 0.1155 0.0525 0.5183 0.1046 0.0967 0.051 0.0415 0.0158 0.0042
1981 1 0.0346 0.1707 0.3169 0.0929 0.244 0.0628 0.0195 0.0415 0.0172
1982 1 0.0311 0.3467 0.2035 0.2363 0.0555 0.0763 0.0214 0.0087 0.0207
1985 1 0.0953 0.7187 0.0832 0.0367 0.0309 0.0181 0.0089 0.0013 0.007
1986 1 0.0549 0.4654 0.3517 0.0771 0.0222 0.0114 0.0066 0.0075 0.0032
1994 1 0.0426 0.3856 0.2068 0.2342 0.0338 0.0504 0.0114 0.0257 0.0094
1995 1 0.1071 0.3148 0.1685 0.1357 0.1631 0.041 0.0305 0.0142 0.025
1996 1 0.1717 0.1849 0.1546 0.1607 0.1524 0.093 0.048 0.006 0.0286
2016 1 0.2535 0.3325 0.2007 0.1263 0.0404 0.0147 0.0237 0.0051 0.0033
2017 1 0.1032 0.2184 0.5731 0.0485 0.0366 0.0129 0.0025 0.0031 0.0018
2018 1 0.1496 0.5004 0.2188 0.0772 0.0194 0.0224 0.0069 0.0025 0.0028
2019 1 0.0166 0.7573 0.1237 0.0777 0.017 0.0033 0.0024 6e-04 0.0014
2020 1 0.3689 0.1677 0.2916 0.1003 0.0459 0.0168 0.0032 0.0036 0.0021
2021 1 0.0805 0.5479 0.1211 0.1973 0.0366 0.0048 0.0096 7e-04 0.0015
2022 1 0.1964 0.2164 0.5068 0.0407 0.0213 0.0076 0.0059 0.0027 0.002
2023 1 0.1345 0.3673 0.0646 0.3633 0.0287 0.0318 0.0067 0.0018 0.0011
2024 1 0.1387 0.3262 0.2974 0.1267 0.0853 0.0102 0.0113 0.0025 0.0018
2025 1 0.1217 0.4927 0.2122 0.0738 0.0481 0.0421 0.0058 0.0018 0.0018
2026 1 0.0858 0.3593 0.3534 0.1045 0.0512 0.0156 0.0222 0.0043 0.0036
2027 1 0.0447 0.195 0.5935 0.1104 0.0208 0.0197 0.0099 0.0053 6e-04
2028 1 0.162 0.3133 0.0909 0.2364 0.1433 0.0288 0.0107 0.0081 0.0065
2029 1 0.1154 0.4984 0.1502 0.0763 0.0686 0.0659 0.0136 0.0072 0.0044
2030 1 0.2136 0.3503 0.1381 0.1314 0.0622 0.0851 0.0127 0.0032 0.0033
2031 1 0.1037 0.5243 0.2642 0.0556 0.0217 0.0089 0.0158 0.0042 0.0015
2032 1 0.1583 0.195 0.305 0.2463 0.0765 0.006 0.005 0.0048 0.0032
2033 1 0.0375 0.5623 0.2658 0.1132 0.0061 0.0108 0.002 0.0012 0.0012
2034 1 0.0805 0.2935 0.3878 0.1658 0.035 0.0293 0.0034 0.003 0.0016
2035 1 0.0739 0.4402 0.3025 0.1107 0.0311 0.0297 0.007 0.003 0.0018
2036 1 0.0757 0.5834 0.1429 0.1017 0.0596 0.0169 0.0149 0.0029 0.0019
2037 1 0.0319 0.3951 0.1957 0.2261 0.0568 0.073 0.0123 0.0074 0.0016
2038 1 0.1708 0.2415 0.2572 0.1847 0.0815 0.0171 0.033 0.009 0.0051
2039 1 0.262 0.2787 0.1372 0.1846 0.0485 0.0457 0.011 0.0211 0.0111
1972 2 0.2071 0.3679 0.2797 0.1008 0.0234 0.0168 0.0039 1e-04 3e-04
1973 2 0.1497 0.4099 0.1686 0.225 0.0295 0.0116 0.0041 0.0014 2e-04
1974 2 0.3651 0.2569 0.189 0.0788 0.0833 0.0135 0.0067 0.0055 0.0011
1975 2 0.1243 0.4275 0.2095 0.0873 0.0532 0.0771 0.0175 0.0021 0.0015
1976 2 0.1029 0.1879 0.3532 0.1141 0.0971 0.0914 0.0405 0.0107 0.0023
1977 2 0.1895 0.1673 0.2579 0.2463 0.069 0.0396 0.014 0.0115 0.005
1978 2 0.1701 0.1321 0.2116 0.2334 0.1725 0.0423 0.023 0.0083 0.0067
1979 2 0.1924 0.1527 0.3465 0.1203 0.0684 0.0944 0.0092 0.0067 0.0094
1980 2 0.3316 0.2241 0.1203 0.1861 0.0669 0.0178 0.0373 0.0096 0.0063
1981 2 0.1443 0.3609 0.2696 0.0396 0.1166 0.0251 0.0228 0.012 0.0092
1982 2 0.1588 0.0961 0.268 0.3486 0.0547 0.0344 0.015 0.0093 0.0151
1983 2 0.2667 0.2683 0.1384 0.1541 0.0783 0.0195 0.0465 0.015 0.0132
1984 2 0.5997 0.1929 0.0565 0.0457 0.0389 0.0363 0.0063 0.0188 0.005
1985 2 0.504 0.3236 0.0677 0.0296 0.0198 0.0338 0.0125 0.0037 0.0051
1986 2 0.1423 0.5441 0.1991 0.0698 0.0099 0.0104 0.011 0.0082 0.0052
1987 2 0.4435 0.0964 0.2815 0.1117 0.0301 0.0161 0.0048 0.0053 0.0105
1988 2 0.109 0.511 0.1412 0.1319 0.0649 0.0197 0.0104 0.0028 0.009
1989 2 0.0764 0.1172 0.6392 0.0467 0.0786 0.033 0.0051 0.0015 0.0022
1990 2 0.1022 0.2764 0.1427 0.3057 0.0765 0.0607 0.0234 0.0086 0.0038
1991 2 0.3365 0.1349 0.1251 0.0614 0.2764 0.0241 0.0265 0.0117 0.0034
1992 2 0.1633 0.3619 0.1675 0.1285 0.059 0.0919 0.0092 0.01 0.0086
1993 2 0.2006 0.3527 0.2449 0.0733 0.0613 0.0211 0.0324 0.0055 0.0083
1994 2 0.0874 0.4531 0.1471 0.2001 0.0248 0.0304 0.0144 0.0352 0.0075
1995 2 0.1702 0.1629 0.2605 0.16 0.1148 0.0439 0.0333 0.0075 0.047
1996 2 0.6332 0.1247 0.035 0.0793 0.08 0.0272 0.0081 0.0035 0.009
1997 2 0.141 0.6228 0.0724 0.0394 0.0399 0.034 0.0302 0.0086 0.0119
1998 2 0.1364 0.2667 0.4833 0.0274 0.0217 0.0214 0.0273 0.0125 0.0033
1999 2 0.2092 0.1366 0.1548 0.409 0.0444 0.0129 0.0096 0.013 0.0105
2000 2 0.3082 0.1449 0.1171 0.1458 0.2207 0.0298 0.0081 0.0126 0.0128
2002 2 0.3768 0.3641 0.173 0.025 0.013 0.0117 0.0292 0.0033 0.0039
2003 2 0.2829 0.3928 0.1647 0.0527 0.0674 0.0082 0.0146 0.014 0.0026
2004 2 0.2367 0.2692 0.2617 0.138 0.0656 0.0129 0.0028 0.0083 0.0048
2005 2 0.4947 0.2503 0.1129 0.0896 0.034 0.0107 0.0036 0.0014 0.0028
2016 2 0.3364 0.4723 0.103 0.0492 0.0152 0.0098 0.01 0.0033 7e-04
2017 2 0.2278 0.341 0.2839 0.0391 0.0949 0.0053 0.0028 0.0036 0.0015
2018 2 0.4154 0.3112 0.1135 0.1283 0.0149 0.0115 0.0023 0.0014 0.0014
2019 2 0.2909 0.4114 0.1879 0.0496 0.0488 0.0062 0.0032 0.0012 9e-04
2020 2 0.5032 0.1318 0.2033 0.1144 0.0306 0.013 0.0014 0.0016 8e-04
2021 2 0.1653 0.5229 0.1469 0.1177 0.0283 0.0145 0.0034 3e-04 8e-04
2022 2 0.1785 0.516 0.2267 0.041 0.021 0.0113 0.0035 0.0016 5e-04
2023 2 0.1511 0.3671 0.3215 0.1061 0.0315 0.0141 0.0056 0.0015 0.0016
2024 2 0.5315 0.1201 0.1823 0.0883 0.0559 0.0092 0.0078 0.0036 0.0014
2025 2 0.3436 0.3397 0.12 0.1356 0.0276 0.0258 0.0025 0.004 0.0012
2026 2 0.2023 0.4937 0.1448 0.0539 0.0707 0.0217 0.0096 0.0013 0.0019
2027 2 0.1939 0.289 0.1669 0.2635 0.0548 0.0148 0.0102 0.0047 0.0023
2028 2 0.2848 0.1791 0.1348 0.1809 0.1738 0.0325 0.0076 0.0033 0.0032
2029 2 0.5397 0.1544 0.1307 0.0769 0.0584 0.0269 0.0081 0.002 0.003
2030 2 0.3656 0.3379 0.1991 0.0441 0.0241 0.018 0.0076 0.0015 0.0022
2031 2 0.3038 0.4198 0.1577 0.0774 0.0192 0.0073 0.0111 0.0019 0.0018
2032 2 0.5895 0.2088 0.0783 0.074 0.0304 0.011 0.0043 0.0024 0.0012
2033 2 0.267 0.3937 0.1879 0.1022 0.0297 0.0106 0.0067 9e-04 0.0014
2034 2 0.1566 0.1286 0.5668 0.0906 0.0317 0.0173 0.0062 9e-04 0.0014
2035 2 0.1791 0.3844 0.1257 0.172 0.0892 0.0306 0.0136 0.0038 0.0017
2036 2 0.3396 0.31 0.0802 0.1442 0.089 0.0216 0.0107 0.0035 0.0012
2037 2 0.0762 0.3786 0.2298 0.1205 0.0858 0.0803 0.0182 0.0076 0.0029
2038 2 0.2594 0.1975 0.2603 0.1314 0.0727 0.0356 0.0256 0.008 0.0096
2039 2 0.2479 0.3786 0.1457 0.1052 0.0576 0.0398 0.0064 0.0154 0.0034
1973 3 0 4e-04 0.1176 0.4781 0.2668 0.0875 0.0354 0.0136 6e-04
1974 3 0 9e-04 0.0387 0.4653 0.2759 0.1675 0.0112 0.0328 0.0077
1975 3 0 0.0018 0.198 0.3594 0.1516 0.2089 0.0458 0.0152 0.0193
1976 3 0 3e-04 0.1005 0.3861 0.3115 0.1029 0.0681 0.0242 0.0064
1977 3 0 3e-04 0.0762 0.3909 0.1627 0.2673 0.0719 0.0251 0.0056
1978 3 0 4e-04 0.0311 0.3289 0.4954 0.0332 0.022 0.0381 0.0508
1979 3 0 1e-04 0.0909 0.1906 0.2942 0.3284 0.0758 0.0125 0.0075
1980 3 0 2e-04 0.0176 0.487 0.253 0.0732 0.1162 0.0277 0.0252
1981 3 0 3e-04 0.0522 0.2051 0.5514 0.0666 0.0613 0.044 0.0192
1982 3 0 2e-04 0.0727 0.2029 0.3884 0.1582 0.0954 0.0346 0.0477
1983 3 0 2e-04 0.0259 0.326 0.3315 0.0714 0.1583 0.0311 0.0556
1984 3 0 6e-04 0.0236 0.3042 0.1861 0.3039 0.0755 0.0604 0.0458
1987 3 0 1e-04 0.2067 0.3734 0.15 0.0457 0.0677 0.0586 0.0978
1988 3 0 7e-04 0.0188 0.5012 0.3898 0.054 0.0117 0.0045 0.0193
1989 3 0 2e-04 0.1185 0.1375 0.4403 0.2277 0.0626 0.0041 0.0092
1990 3 0 2e-04 0.0198 0.5371 0.1693 0.1756 0.0809 0.0106 0.0065
1991 3 0 3e-04 0.0438 0.1237 0.5695 0.0992 0.1009 0.0359 0.0268
1992 3 0 3e-04 0.0086 0.1797 0.4349 0.2555 0.029 0.0716 0.0205
1994 3 0 4e-04 0.0245 0.5571 0.1003 0.0786 0.0821 0.141 0.0162
1998 3 0 4e-04 0.0801 0.3205 0.262 0.1073 0.0417 0.1204 0.0676
1999 3 0 3e-04 0.0238 0.7232 0.109 0.0576 0.0224 0.0297 0.0341
2000 3 0 1e-04 0.041 0.2894 0.5071 0.0794 0.0413 0.018 0.0236
2002 3 0 7e-04 0.0569 0.1356 0.0875 0.0955 0.5644 0.0157 0.0439
2003 3 0 5e-04 0.0229 0.5104 0.3169 0.0475 0.0229 0.0517 0.0273
2004 3 0 3e-04 0.2334 0.3291 0.232 0.0476 0.0586 0.0316 0.0674
2005 3 0 3e-04 0.0459 0.6935 0.1081 0.0806 0.0367 0.0151 0.0197
2016 3 0 0.0016 0.061 0.4434 0.3628 0.0355 0.0528 0.0282 0.0147
2017 3 0 7e-04 0.309 0.3437 0.2044 0.0285 0.0228 0.0735 0.0174
2018 3 0 6e-04 0.08 0.5306 0.1037 0.2264 0.025 0.0069 0.0268
2019 3 0 0.001 0.0656 0.4983 0.2834 0.083 0.0362 0.0111 0.0213
2020 3 0 9e-04 0.1639 0.4664 0.2098 0.1202 0.0188 0.0164 0.0036
2021 3 0 0.0014 0.0176 0.676 0.1402 0.057 0.0974 0.0042 0.0063
2022 3 0 0.001 0.1743 0.207 0.4311 0.1425 0.0224 0.0159 0.0056
2023 3 0 5e-04 0.0741 0.622 0.068 0.2027 0.0213 0.0085 0.003
2024 3 0 4e-04 0.0925 0.4577 0.3465 0.0465 0.0209 0.0261 0.0095
2025 3 0 0.0015 0.0366 0.5001 0.1269 0.3025 0.0163 0.0105 0.0056
2026 3 0 9e-04 0.1594 0.3057 0.3687 0.0649 0.0802 0.0124 0.0077
2027 3 0 3e-04 0.0875 0.5779 0.1156 0.1604 0.0126 0.0385 0.0071
2028 3 0 2e-04 0.0219 0.6349 0.2756 0.0218 0.0195 0.0084 0.0176
2029 3 0 6e-04 0.0506 0.1921 0.602 0.0905 0.0452 0.0135 0.0055
2030 3 0 0.0011 0.0979 0.2057 0.0889 0.4949 0.0807 0.006 0.0248
2031 3 0 0.001 0.0871 0.4911 0.2888 0.0892 0.0269 0.0091 0.0068
2032 3 0 9e-04 0.1285 0.4341 0.3009 0.087 0.0151 0.0296 0.004
2033 3 0 0.0024 0.0696 0.3201 0.45 0.0816 0.048 0.0128 0.0156
2034 3 0 2e-04 0.1266 0.1405 0.6643 0.018 0.0406 0.0043 0.0055
2035 3 0 3e-04 0.0301 0.8093 0.0876 0.0369 0.0198 0.0143 0.0017
2036 3 0 4e-04 0.0553 0.2265 0.5248 0.1363 0.0185 0.0236 0.0145
2037 3 0 5e-04 0.0179 0.2989 0.3446 0.2421 0.0369 0.0509 0.0082
2038 3 0 0.0014 0.0447 0.1815 0.3377 0.1582 0.1747 0.0643 0.0375
2039 3 0 2e-04 0.0301 0.4339 0.1609 0.1373 0.0613 0.1182 0.0581
>>>>>>> ebc93314a8670f39933a68736c018d525cda50f9
## ________________________ 
## n_wt_obs 
90 
## Mean weight-at-age in kilograms  
1951 0.0503 0.0873 0.1144 0.1339 0.1489 0.16 0.205 0.196 0.1586 
1952 0.0536 0.0896 0.1144 0.1386 0.1569 0.1699 0.1781 0.19 0.1586 
1953 0.0446 0.0799 0.1001 0.121 0.1473 0.1455 0.1594 0.1656 0.1586 
1954 0.0542 0.0854 0.1056 0.1258 0.1474 0.1658 0.155 0.1656 0.1586 
1955 0.0579 0.0827 0.107 0.1249 0.1514 0.131 0.1594 0.1656 0.1586 
1956 0.0577 0.086 0.1064 0.1192 0.1389 0.144 0.1594 0.14 0.1586 
1957 0.0543 0.0775 0.1016 0.1139 0.136 0.144 0.142 0.14 0.1586 
1958 0.0503 0.0693 0.0965 0.1093 0.1248 0.1281 0.1383 0.169 0.1586 
1959 0.0508 0.0808 0.097 0.113 0.1241 0.1332 0.1371 0.1499 0.1527 
1960 0.0594 0.0897 0.106 0.1212 0.1336 0.1446 0.1604 0.1745 0.1645 
1961 0.0583 0.0908 0.1159 0.141 0.173 0.1484 0.1594 0.1656 0.1586 
1962 0.0567 0.0922 0.1093 0.1241 0.1282 0.1484 0.1594 0.1656 0.1586 
1963 0.0562 0.0883 0.1116 0.1222 0.1366 0.1448 0.1594 0.1656 0.1586 
1964 0.065 0.0931 0.1145 0.1362 0.1452 0.13 0.1594 0.1656 0.1586 
1965 0.0683 0.104 0.1292 0.1474 0.1733 0.158 0.1594 0.1656 0.1586 
1966 0.042 0.1128 0.1351 0.1489 0.1627 0.1793 0.1594 0.1656 0.1586 
1967 0.0549 0.088 0.1102 0.1275 0.1455 0.1484 0.1594 0.1656 0.1586 
1968 0.0549 0.088 0.1102 0.1275 0.1455 0.1484 0.1594 0.1656 0.1586 
1969 0.0549 0.088 0.1102 0.1275 0.1455 0.1484 0.1594 0.1656 0.1586 
1970 0.0639 0.0949 0.1248 0.1501 0.1697 0.1844 0.1957 0.2034 0.2082 
1971 0.064 0.1174 0.1485 0.166 0.1689 0.1991 0.2175 0.2034 0.2082 
1972 0.0641 0.1034 0.1384 0.1596 0.1734 0.1807 0.2022 0.16 0.2082 
1973 0.0633 0.1035 0.1347 0.1598 0.1836 0.1924 0.1903 0.254 0.2082 
1974 0.0617 0.0854 0.1235 0.149 0.1718 0.1856 0.1836 0.2175 0.231 
1975 0.0547 0.0919 0.128 0.1653 0.1893 0.2069 0.2201 0.2406 0.207 
1976 0.0536 0.0873 0.1202 0.1518 0.1811 0.1951 0.2112 0.2223 0.207 
1977 0.0628 0.0884 0.1253 0.1435 0.1693 0.1826 0.1918 0.1953 0.2153 
1978 0.0603 0.0798 0.1082 0.134 0.154 0.1737 0.1884 0.2038 0.2279 
1979 0.0621 0.0832 0.1103 0.1407 0.1664 0.1838 0.2003 0.2014 0.1922 
1980 0.0591 0.0813 0.1073 0.1307 0.1597 0.1785 0.1923 0.2083 0.2087 
1981 0.0612 0.0902 0.1099 0.1367 0.1508 0.1752 0.18 0.1858 0.2087 
1982 0.071 0.0894 0.1098 0.1256 0.1423 0.1504 0.1714 0.1799 0.1861 
1983 0.0611 0.0938 0.119 0.1405 0.1553 0.166 0.1738 0.1954 0.1924 
1984 0.0684 0.1003 0.1298 0.1531 0.1655 0.1751 0.1849 0.1891 0.2031 
1985 0.069 0.1014 0.1352 0.1607 0.1819 0.1863 0.2071 0.1848 0.2037 
1986 0.0683 0.1028 0.1311 0.1601 0.1809 0.1919 0.1984 0.2045 0.2217 
1987 0.0688 0.1022 0.1367 0.1633 0.181 0.2001 0.203 0.205 0.2101 
1988 0.0679 0.1033 0.1302 0.1597 0.1775 0.1952 0.2019 0.2062 0.2144 
1989 0.0644 0.0968 0.127 0.1488 0.1707 0.1875 0.1933 0.1966 0.212 
1990 0.062 0.1008 0.1295 0.1542 0.1721 0.1881 0.1993 0.2148 0.1967 
1991 0.0662 0.0942 0.1235 0.1412 0.1608 0.1773 0.1858 0.1978 0.2065 
1992 0.0686 0.1007 0.1256 0.1493 0.1638 0.1773 0.1875 0.1973 0.2051 
1993 0.0685 0.0973 0.1217 0.1407 0.1593 0.1696 0.1784 0.1873 0.1977 
1994 0.0648 0.0947 0.1194 0.1359 0.1498 0.1605 0.1642 0.1748 0.1779 
1995 0.0699 0.0979 0.1222 0.144 0.1603 0.1753 0.1822 0.189 0.1863 
1996 0.0707 0.0857 0.1159 0.1364 0.1519 0.1646 0.1758 0.1809 0.1898 
1997 0.0642 0.0914 0.1051 0.1316 0.1496 0.1611 0.1762 0.1729 0.1794 
1998 0.0586 0.0798 0.1039 0.1132 0.1319 0.1431 0.1496 0.1558 0.1551 
1999 0.0537 0.0831 0.0991 0.1195 0.1257 0.144 0.152 0.164 0.1576 
2000 0.0576 0.0863 0.1073 0.1301 0.1467 0.159 0.1623 0.1687 0.1771 
2001 0.0663 0.0887 0.1074 0.1243 0.1409 0.1568 0.1569 0.1478 0.1858 
2002 0.0618 0.0839 0.1032 0.1249 0.144 0.1566 0.1704 0.1868 0.218 
2003 0.0609 0.0933 0.1032 0.1207 0.1387 0.1544 0.1763 0.167 0.192 
2004 0.0635 0.0815 0.1027 0.11 0.1242 0.134 0.1557 0.1657 0.127 
2005 0.0559 0.0755 0.0913 0.1122 0.1204 0.1332 0.1375 0.1525 0.137 
2006 0.0548 0.0693 0.0877 0.102 0.1169 0.1103 0.128 0.1525 0.137 
2007 0.0546 0.0727 0.0805 0.0924 0.0981 0.1313 0.128 0.1525 0.137 
2008 0.0565 0.0603 0.0877 0.1034 0.1156 0.1315 0.145 0.139 0.162 
2009 0.0461 0.0753 0.0777 0.1038 0.1101 0.1138 0.145 0.1524 0.14 
2010 0.044 0.071 0.0854 0.0923 0.1065 0.117 0.1095 0.1524 0.14 
2011 0.0457 0.0658 0.0721 0.0963 0.0987 0.1123 0.1095 0.1524 0.14 
2012 0.0518 0.0784 0.0875 0.0989 0.1102 0.1167 0.1223 0.1524 0.14 
2013 0.0564 0.0789 0.0939 0.105 0.1207 0.1225 0.134 0.1524 0.14 
2014 0.0588 0.0808 0.0956 0.1245 0.1401 0.15 0.134 0.164 0.14 
2015 0.0598 0.0754 0.0864 0.0977 0.1022 0.1086 0.1078 0.164 0.14 
2016 0.0545 0.07586 0.0871 0.10448 0.11438 0.12202 0.12152 0.15704 0.14 
2017 0.05098633 0.07795041 0.09748945 0.1106726 0.1192484 0.1247152 0.1281593 0.1303139 0.1316561 
2018 0.05098633 0.07795041 0.09748945 0.1106726 0.1192484 0.1247152 0.1281593 0.1303139 0.1316561 
2019 0.05098633 0.07795041 0.09748945 0.1106726 0.1192484 0.1247152 0.1281593 0.1303139 0.1316561 
2020 0.05098633 0.07795041 0.09748945 0.1106726 0.1192484 0.1247152 0.1281593 0.1303139 0.1316561 
2021 0.05098633 0.07795041 0.09748945 0.1106726 0.1192484 0.1247152 0.1281593 0.1303139 0.1316561 
2022 0.05098633 0.07795041 0.09748945 0.1106726 0.1192484 0.1247152 0.1281593 0.1303139 0.1316561 
2023 0.05098633 0.07795041 0.09748945 0.1106726 0.1192484 0.1247152 0.1281593 0.1303139 0.1316561 
2024 0.05098633 0.07795041 0.09748945 0.1106726 0.1192484 0.1247152 0.1281593 0.1303139 0.1316561 
2025 0.05098633 0.07795041 0.09748945 0.1106726 0.1192484 0.1247152 0.1281593 0.1303139 0.1316561 
2026 0.05098633 0.07795041 0.09748945 0.1106726 0.1192484 0.1247152 0.1281593 0.1303139 0.1316561 
2027 0.05098633 0.07795041 0.09748945 0.1106726 0.1192484 0.1247152 0.1281593 0.1303139 0.1316561 
2028 0.05098633 0.07795041 0.09748945 0.1106726 0.1192484 0.1247152 0.1281593 0.1303139 0.1316561 
2029 0.05098633 0.07795041 0.09748945 0.1106726 0.1192484 0.1247152 0.1281593 0.1303139 0.1316561 
2030 0.05098633 0.07795041 0.09748945 0.1106726 0.1192484 0.1247152 0.1281593 0.1303139 0.1316561 
2031 0.05098633 0.07795041 0.09748945 0.1106726 0.1192484 0.1247152 0.1281593 0.1303139 0.1316561 
2032 0.05098633 0.07795041 0.09748945 0.1106726 0.1192484 0.1247152 0.1281593 0.1303139 0.1316561 
2033 0.05098633 0.07795041 0.09748945 0.1106726 0.1192484 0.1247152 0.1281593 0.1303139 0.1316561 
2034 0.05098633 0.07795041 0.09748945 0.1106726 0.1192484 0.1247152 0.1281593 0.1303139 0.1316561 
2035 0.05098633 0.07795041 0.09748945 0.1106726 0.1192484 0.1247152 0.1281593 0.1303139 0.1316561 
2036 0.05098633 0.07795041 0.09748945 0.1106726 0.1192484 0.1247152 0.1281593 0.1303139 0.1316561 
2037 0.05098633 0.07795041 0.09748945 0.1106726 0.1192484 0.1247152 0.1281593 0.1303139 0.1316561 
2038 0.05098633 0.07795041 0.09748945 0.1106726 0.1192484 0.1247152 0.1281593 0.1303139 0.1316561 
2039 0.05098633 0.07795041 0.09748945 0.1106726 0.1192484 0.1247152 0.1281593 0.1303139 0.1316561 
2040 0.05098633 0.07795041 0.09748945 0.1106726 0.1192484 0.1247152 0.1281593 0.1303139 0.1316561 
## ________________________ 
## n_m_class
1 
## fix_m_devs
0 0 0 0 0 0 0 0 0 0 0 0 0 0 0 0 0 0 0 0 0 0 0 0 0 0 0 0 0 0 0 0 0 0 0 0 0 0 0 0 0 0 0 0 0 0 0 0 0 0 0 0 0 0 0 0 0 0 0 0 0 0 0 0 0 0 0 0 0 0 0 0 0 0 0 0 0 0 0 0 0 0 0 0 0 0 0 0
## eof 
999 
